INSERT INTO `monsters` (`id`, `ping`, `clean`, `pokemon_id`, `distance`, `min_iv`, `max_iv`, `min_cp`, `max_cp`, `min_level`, `max_level`, `atk`, `def`, `sta`, `template`, `min_weight`, `max_weight`, `form`, `max_atk`, `max_def`, `max_sta`, `gender`) VALUES
('CHANNEL_NUMBER','',0,170,0,-1,100,0,9000,0,28,0,13,14,3,0,9000000,0,0,13,14, 0),
('CHANNEL_NUMBER','',0,170,0,-1,100,0,9000,0,28,0,12,15,3,0,9000000,0,0,12,15, 0),
('CHANNEL_NUMBER','',0,170,0,-1,100,0,9000,0,28,0,15,10,3,0,9000000,0,0,15,10, 0),
('CHANNEL_NUMBER','',0,170,0,-1,100,0,9000,0,28,1,15,15,3,0,9000000,0,1,15,15, 0),
('CHANNEL_NUMBER','',0,170,0,-1,100,0,9000,0,28,0,14,12,3,0,9000000,0,0,14,12, 0),
('CHANNEL_NUMBER','',0,170,0,-1,100,0,9000,0,28,0,14,11,3,0,9000000,0,0,14,11, 0),
('CHANNEL_NUMBER','',0,170,0,-1,100,0,9000,0,28,0,13,13,3,0,9000000,0,0,13,13, 0),
('CHANNEL_NUMBER','',0,170,0,-1,100,0,9000,0,28,2,15,12,3,0,9000000,0,2,15,12, 0),
('CHANNEL_NUMBER','',0,170,0,-1,100,0,9000,0,28,1,11,14,3,0,9000000,0,1,11,14, 0),
('CHANNEL_NUMBER','',0,170,0,-1,100,0,9000,0,28,0,12,14,3,0,9000000,0,0,12,14, 0),
('CHANNEL_NUMBER','',0,170,0,-1,100,0,9000,0,28,1,14,8,3,0,9000000,0,1,14,8, 0),
('CHANNEL_NUMBER','',0,170,0,-1,100,0,9000,0,28,0,15,9,3,0,9000000,0,0,15,9, 0),
('CHANNEL_NUMBER','',0,170,0,-1,100,0,9000,0,28,0,15,8,3,0,9000000,0,0,15,8, 0),
('CHANNEL_NUMBER','',0,170,0,-1,100,0,9000,0,28,2,14,14,3,0,9000000,0,2,14,14, 0),
('CHANNEL_NUMBER','',0,170,0,-1,100,0,9000,0,28,1,15,14,3,0,9000000,0,1,15,14, 0),
('CHANNEL_NUMBER','',0,170,0,-1,100,0,9000,0,28,1,10,15,3,0,9000000,0,1,10,15, 0),
('CHANNEL_NUMBER','',0,170,0,-1,100,0,9000,0,28,1,13,10,3,0,9000000,0,1,13,10, 0),
('CHANNEL_NUMBER','',0,170,0,-1,100,0,9000,0,28,0,11,15,3,0,9000000,0,0,11,15, 0),
('CHANNEL_NUMBER','',0,170,0,-1,100,0,9000,0,28,0,14,10,3,0,9000000,0,0,14,10, 0),
('CHANNEL_NUMBER','',0,170,0,-1,100,0,9000,0,28,0,12,6,3,0,9000000,0,0,12,6, 0),
('CHANNEL_NUMBER','',0,170,0,-1,100,0,9000,0,28,2,13,15,3,0,9000000,0,2,13,15, 0),
('CHANNEL_NUMBER','',0,170,0,-1,100,0,9000,0,28,1,14,15,3,0,9000000,0,1,14,15, 0),
('CHANNEL_NUMBER','',0,170,0,-1,100,0,9000,0,28,0,15,15,3,0,9000000,0,0,15,15, 0),
('CHANNEL_NUMBER','',0,170,0,-1,100,0,9000,0,28,3,15,9,3,0,9000000,0,3,15,9, 0),
('CHANNEL_NUMBER','',0,170,0,-1,100,0,9000,0,28,1,12,12,3,0,9000000,0,1,12,12, 0);
