INSERT INTO `monsters` (`id`, `ping`, `clean`, `pokemon_id`, `distance`, `min_iv`, `max_iv`, `min_cp`, `max_cp`, `min_level`, `max_level`, `atk`, `def`, `sta`, `template`, `min_weight`, `max_weight`, `form`, `max_atk`, `max_def`, `max_sta`, `gender`) VALUES
('CHANNEL_NUMBER','',0,35,0,-1,100,0,9000,0,23,0,13,15,3,0,9000000,0,0,13,15, 0),
('CHANNEL_NUMBER','',0,35,0,-1,100,0,9000,0,23,0,14,13,3,0,9000000,0,0,14,13, 0),
('CHANNEL_NUMBER','',0,35,0,-1,100,0,9000,0,23,0,15,12,3,0,9000000,0,0,15,12, 0),
('CHANNEL_NUMBER','',0,35,0,-1,100,0,9000,0,23,0,15,11,3,0,9000000,0,0,15,11, 0),
('CHANNEL_NUMBER','',0,35,0,-1,100,0,9000,0,23,1,14,11,3,0,9000000,0,1,14,11, 0),
('CHANNEL_NUMBER','',0,35,0,-1,100,0,9000,0,23,0,12,15,3,0,9000000,0,0,12,15, 0),
('CHANNEL_NUMBER','',0,35,0,-1,100,0,9000,0,23,1,11,15,3,0,9000000,0,1,11,15, 0),
('CHANNEL_NUMBER','',0,35,0,-1,100,0,9000,0,23,0,13,14,3,0,9000000,0,0,13,14, 0),
('CHANNEL_NUMBER','',0,35,0,-1,100,0,9000,0,23,0,13,13,3,0,9000000,0,0,13,13, 0),
('CHANNEL_NUMBER','',0,35,0,-1,100,0,9000,0,23,1,12,13,3,0,9000000,0,1,12,13, 0),
('CHANNEL_NUMBER','',0,35,0,-1,100,0,9000,0,23,3,15,14,3,0,9000000,0,3,15,14, 0),
('CHANNEL_NUMBER','',0,35,0,-1,100,0,9000,0,23,0,14,12,3,0,9000000,0,0,14,12, 0),
('CHANNEL_NUMBER','',0,35,0,-1,100,0,9000,0,23,0,14,11,3,0,9000000,0,0,14,11, 0),
('CHANNEL_NUMBER','',0,35,0,-1,100,0,9000,0,23,1,13,12,3,0,9000000,0,1,13,12, 0),
('CHANNEL_NUMBER','',0,35,0,-1,100,0,9000,0,23,1,13,11,3,0,9000000,0,1,13,11, 0),
('CHANNEL_NUMBER','',0,35,0,-1,100,0,9000,0,23,0,8,12,3,0,9000000,0,0,8,12, 0),
('CHANNEL_NUMBER','',0,35,0,-1,100,0,9000,0,23,2,12,11,3,0,9000000,0,2,12,11, 0),
('CHANNEL_NUMBER','',0,35,0,-1,100,0,9000,0,23,4,15,12,3,0,9000000,0,4,15,12, 0),
('CHANNEL_NUMBER','',0,35,0,-1,100,0,9000,0,23,0,15,3,3,0,9000000,0,0,15,3, 0),
('CHANNEL_NUMBER','',0,35,0,-1,100,0,9000,0,23,0,15,10,3,0,9000000,0,0,15,10, 0),
('CHANNEL_NUMBER','',0,35,0,-1,100,0,9000,0,23,1,14,10,3,0,9000000,0,1,14,10, 0),
('CHANNEL_NUMBER','',0,35,0,-1,100,0,9000,0,23,0,10,9,3,0,9000000,0,0,10,9, 0),
('CHANNEL_NUMBER','',0,35,0,-1,100,0,9000,0,23,1,15,9,3,0,9000000,0,1,15,9, 0),
('CHANNEL_NUMBER','',0,35,0,-1,100,0,9000,0,23,1,15,8,3,0,9000000,0,1,15,8, 0),
('CHANNEL_NUMBER','',0,35,0,-1,100,0,9000,0,23,2,14,8,3,0,9000000,0,2,14,8, 0);
