INSERT INTO `monsters` (`id`, `pokemon_id`, `distance`, `min_iv`, `max_iv`, `min_cp`, `max_cp`, `min_level`, `max_level`, `atk`, `def`, `sta`, `template`, `min_weight`, `max_weight`, `form`, `max_atk`, `max_def`, `max_sta`, `gender`) VALUES
('CHANNEL_NUMBER',425,0,-1,100,0,9000,0,24,0,15,12,3,0,9000000,0,0,15,12, 0),
('CHANNEL_NUMBER',425,0,-1,100,0,9000,0,24,0,14,14,3,0,9000000,0,0,14,14, 0),
('CHANNEL_NUMBER',425,0,-1,100,0,9000,0,24,0,15,11,3,0,9000000,0,0,15,11, 0),
('CHANNEL_NUMBER',425,0,-1,100,0,9000,0,24,1,13,14,3,0,9000000,0,1,13,14, 0),
('CHANNEL_NUMBER',425,0,-1,100,0,9000,0,24,1,14,11,3,0,9000000,0,1,14,11, 0),
('CHANNEL_NUMBER',425,0,-1,100,0,9000,0,24,0,13,15,3,0,9000000,0,0,13,15, 0),
('CHANNEL_NUMBER',425,0,-1,100,0,9000,0,24,0,14,13,3,0,9000000,0,0,14,13, 0),
('CHANNEL_NUMBER',425,0,-1,100,0,9000,0,24,0,14,12,3,0,9000000,0,0,14,12, 0),
('CHANNEL_NUMBER',425,0,-1,100,0,9000,0,24,1,15,8,3,0,9000000,0,1,15,8, 0),
('CHANNEL_NUMBER',425,0,-1,100,0,9000,0,24,3,15,14,3,0,9000000,0,3,15,14, 0),
('CHANNEL_NUMBER',425,0,-1,100,0,9000,0,24,0,15,10,3,0,9000000,0,0,15,10, 0),
('CHANNEL_NUMBER',425,0,-1,100,0,9000,0,24,0,15,9,3,0,9000000,0,0,15,9, 0),
('CHANNEL_NUMBER',425,0,-1,100,0,9000,0,24,1,12,15,3,0,9000000,0,1,12,15, 0),
('CHANNEL_NUMBER',425,0,-1,100,0,9000,0,24,1,13,13,3,0,9000000,0,1,13,13, 0),
('CHANNEL_NUMBER',425,0,-1,100,0,9000,0,24,1,13,12,3,0,9000000,0,1,13,12, 0),
('CHANNEL_NUMBER',425,0,-1,100,0,9000,0,24,4,14,14,3,0,9000000,0,4,14,14, 0),
('CHANNEL_NUMBER',425,0,-1,100,0,9000,0,24,1,14,10,3,0,9000000,0,1,14,10, 0),
('CHANNEL_NUMBER',425,0,-1,100,0,9000,0,24,1,14,9,3,0,9000000,0,1,14,9, 0),
('CHANNEL_NUMBER',425,0,-1,100,0,9000,0,24,0,13,14,3,0,9000000,0,0,13,14, 0),
('CHANNEL_NUMBER',425,0,-1,100,0,9000,0,24,0,14,11,3,0,9000000,0,0,14,11, 0),
('CHANNEL_NUMBER',425,0,-1,100,0,9000,0,24,0,9,15,3,0,9000000,0,0,9,15, 0),
('CHANNEL_NUMBER',425,0,-1,100,0,9000,0,24,4,15,11,3,0,9000000,0,4,15,11, 0),
('CHANNEL_NUMBER',425,0,-1,100,0,9000,0,24,1,15,7,3,0,9000000,0,1,15,7, 0),
('CHANNEL_NUMBER',425,0,-1,100,0,9000,0,24,1,15,6,3,0,9000000,0,1,15,6, 0),
('CHANNEL_NUMBER',425,0,-1,100,0,9000,0,24,0,10,12,3,0,9000000,0,0,10,12, 0);
