INSERT INTO `monsters` (`id`, `pokemon_id`, `distance`, `min_iv`, `max_iv`, `min_cp`, `max_cp`, `min_level`, `max_level`, `atk`, `def`, `sta`, `template`, `min_weight`, `max_weight`, `form`, `max_atk`, `max_def`, `max_sta`, `gender`) VALUES
('CHANNEL_NUMBER',23,0,-1,100,0,9000,0,30,0,11,14,3,0,9000000,0,0,11,14,0),
('CHANNEL_NUMBER',23,0,-1,100,0,9000,0,30,0,15,12,3,0,9000000,0,0,15,12,0),
('CHANNEL_NUMBER',23,0,-1,100,0,9000,0,30,0,12,15,3,0,9000000,0,0,12,15,0),
('CHANNEL_NUMBER',23,0,-1,100,0,9000,0,29,1,15,15,3,0,9000000,0,1,15,15,0),
('CHANNEL_NUMBER',23,0,-1,100,0,9000,0,29,2,14,15,3,0,9000000,0,2,14,15,0),
('CHANNEL_NUMBER',23,0,-1,100,0,9000,0,30,0,13,14,3,0,9000000,0,0,13,14,0),
('CHANNEL_NUMBER',23,0,-1,100,0,9000,0,29,2,15,14,3,0,9000000,0,2,15,14,0),
('CHANNEL_NUMBER',23,0,-1,100,0,9000,0,31,0,10,12,3,0,9000000,0,0,10,12,0),
('CHANNEL_NUMBER',23,0,-1,100,0,9000,0,30,0,10,15,3,0,9000000,0,0,10,15,0),
('CHANNEL_NUMBER',23,0,-1,100,0,9000,0,30,0,10,14,3,0,9000000,0,0,10,14,0),
('CHANNEL_NUMBER',23,0,-1,100,0,9000,0,30,1,9,14,3,0,9000000,0,1,9,14,0),
('CHANNEL_NUMBER',23,0,-1,100,0,9000,0,30,0,14,10,3,0,9000000,0,0,14,10,0),
('CHANNEL_NUMBER',23,0,-1,100,0,9000,0,30,1,13,10,3,0,9000000,0,1,13,10,0),
('CHANNEL_NUMBER',23,0,-1,100,0,9000,0,30,0,14,13,3,0,9000000,0,0,14,13,0),
('CHANNEL_NUMBER',23,0,-1,100,0,9000,0,30,0,14,12,3,0,9000000,0,0,14,12,0),
('CHANNEL_NUMBER',23,0,-1,100,0,9000,0,31,0,14,8,3,0,9000000,0,0,14,8,0),
('CHANNEL_NUMBER',23,0,-1,100,0,9000,0,30,1,13,12,3,0,9000000,0,1,13,12,0),
('CHANNEL_NUMBER',23,0,-1,100,0,9000,0,29,3,15,12,3,0,9000000,0,3,15,12,0),
('CHANNEL_NUMBER',23,0,-1,100,0,9000,0,31,0,11,11,3,0,9000000,0,0,11,11,0),
('CHANNEL_NUMBER',23,0,-1,100,0,9000,0,30,0,11,13,3,0,9000000,0,0,11,13,0),
('CHANNEL_NUMBER',23,0,-1,100,0,9000,0,30,1,10,13,3,0,9000000,0,1,10,13,0),
('CHANNEL_NUMBER',23,0,-1,100,0,9000,0,30,0,11,15,3,0,9000000,0,0,11,15,0),
('CHANNEL_NUMBER',23,0,-1,100,0,9000,0,31,0,7,15,3,0,9000000,0,0,7,15,0),
('CHANNEL_NUMBER',23,0,-1,100,0,9000,0,30,1,10,15,3,0,9000000,0,1,10,15,0),
('CHANNEL_NUMBER',23,0,-1,100,0,9000,0,30,0,15,11,3,0,9000000,0,0,15,11,0);
