INSERT INTO `monsters` (`id`, `pokemon_id`, `distance`, `min_iv`, `max_iv`, `min_cp`, `max_cp`, `min_level`, `max_level`, `atk`, `def`, `sta`, `template`, `min_weight`, `max_weight`, `form`, `max_atk`, `max_def`, `max_sta`, `gender`) VALUES
('CHANNEL_NUMBER',92,0,-1,100,0,9000,0,28,1,15,14,3,0,9000000,0,1,15,14, 0),
('CHANNEL_NUMBER',92,0,-1,100,0,9000,0,28,0,12,14,3,0,9000000,0,0,12,14, 0),
('CHANNEL_NUMBER',92,0,-1,100,0,9000,0,28,2,14,14,3,0,9000000,0,2,14,14, 0),
('CHANNEL_NUMBER',92,0,-1,100,0,9000,0,28,4,15,15,3,0,9000000,0,4,15,15, 0),
('CHANNEL_NUMBER',92,0,-1,100,0,9000,0,28,0,15,15,3,0,9000000,0,0,15,15, 0),
('CHANNEL_NUMBER',92,0,-1,100,0,9000,0,28,0,15,14,3,0,9000000,0,0,15,14, 0),
('CHANNEL_NUMBER',92,0,-1,100,0,9000,0,28,2,15,13,3,0,9000000,0,2,15,13, 0),
('CHANNEL_NUMBER',92,0,-1,100,0,9000,0,28,1,11,14,3,0,9000000,0,1,11,14, 0),
('CHANNEL_NUMBER',92,0,-1,100,0,9000,0,28,0,15,10,3,0,9000000,0,0,15,10, 0),
('CHANNEL_NUMBER',92,0,-1,100,0,9000,0,28,3,13,14,3,0,9000000,0,3,13,14, 0),
('CHANNEL_NUMBER',92,0,-1,100,0,9000,0,28,1,14,15,3,0,9000000,0,1,14,15, 0),
('CHANNEL_NUMBER',92,0,-1,100,0,9000,0,28,1,14,14,3,0,9000000,0,1,14,14, 0),
('CHANNEL_NUMBER',92,0,-1,100,0,9000,0,28,5,14,15,3,0,9000000,0,5,14,15, 0),
('CHANNEL_NUMBER',92,0,-1,100,0,9000,0,28,3,15,15,3,0,9000000,0,3,15,15, 0),
('CHANNEL_NUMBER',92,0,-1,100,0,9000,0,28,0,8,14,3,0,9000000,0,0,8,14, 0),
('CHANNEL_NUMBER',92,0,-1,100,0,9000,0,28,1,15,13,3,0,9000000,0,1,15,13, 0),
('CHANNEL_NUMBER',92,0,-1,100,0,9000,0,28,5,15,14,3,0,9000000,0,5,15,14, 0),
('CHANNEL_NUMBER',92,0,-1,100,0,9000,0,28,2,10,14,3,0,9000000,0,2,10,14, 0),
('CHANNEL_NUMBER',92,0,-1,100,0,9000,0,28,0,11,15,3,0,9000000,0,0,11,15, 0),
('CHANNEL_NUMBER',92,0,-1,100,0,9000,0,28,0,11,14,3,0,9000000,0,0,11,14, 0),
('CHANNEL_NUMBER',92,0,-1,100,0,9000,0,28,1,14,10,3,0,9000000,0,1,14,10, 0),
('CHANNEL_NUMBER',92,0,-1,100,0,9000,0,28,3,15,11,3,0,9000000,0,3,15,11, 0),
('CHANNEL_NUMBER',92,0,-1,100,0,9000,0,28,4,12,14,3,0,9000000,0,4,12,14, 0),
('CHANNEL_NUMBER',92,0,-1,100,0,9000,0,28,0,12,13,3,0,9000000,0,0,12,13, 0),
('CHANNEL_NUMBER',92,0,-1,100,0,9000,0,28,2,13,15,3,0,9000000,0,2,13,15, 0);
