INSERT INTO `monsters` (`id`, `ping`, `clean`, `pokemon_id`, `distance`, `min_iv`, `max_iv`, `min_cp`, `max_cp`, `min_level`, `max_level`, `atk`, `def`, `sta`, `template`, `min_weight`, `max_weight`, `form`, `max_atk`, `max_def`, `max_sta`, `gender`) VALUES
('CHANNEL_NUMBER','',0,207,0,-1,100,0,9000,0,21,1,15,14,3,0,9000000,0,1,15,14, 0),
('CHANNEL_NUMBER','',0,207,0,-1,100,0,9000,0,21,0,12,10,3,0,9000000,0,0,12,10, 0),
('CHANNEL_NUMBER','',0,207,0,-1,100,0,9000,0,21,0,14,8,3,0,9000000,0,0,14,8, 0),
('CHANNEL_NUMBER','',0,207,0,-1,100,0,9000,0,21,2,15,12,3,0,9000000,0,2,15,12, 0),
('CHANNEL_NUMBER','',0,207,0,-1,100,0,9000,0,21,2,13,14,3,0,9000000,0,2,13,14, 0),
('CHANNEL_NUMBER','',0,207,0,-1,100,0,9000,0,21,0,8,13,3,0,9000000,0,0,8,13, 0),
('CHANNEL_NUMBER','',0,207,0,-1,100,0,9000,0,21,0,6,15,3,0,9000000,0,0,6,15, 0),
('CHANNEL_NUMBER','',0,207,0,-1,100,0,9000,0,21,1,14,15,3,0,9000000,0,1,14,15, 0),
('CHANNEL_NUMBER','',0,207,0,-1,100,0,9000,0,21,1,14,14,3,0,9000000,0,1,14,14, 0),
('CHANNEL_NUMBER','',0,207,0,-1,100,0,9000,0,21,0,15,15,3,0,9000000,0,0,15,15, 0),
('CHANNEL_NUMBER','',0,207,0,-1,100,0,9000,0,21,0,15,14,3,0,9000000,0,0,15,14, 0),
('CHANNEL_NUMBER','',0,207,0,-1,100,0,9000,0,21,1,12,8,3,0,9000000,0,1,12,8, 0),
('CHANNEL_NUMBER','',0,207,0,-1,100,0,9000,0,21,3,13,12,3,0,9000000,0,3,13,12, 0),
('CHANNEL_NUMBER','',0,207,0,-1,100,0,9000,0,21,1,6,13,3,0,9000000,0,1,6,13, 0),
('CHANNEL_NUMBER','',0,207,0,-1,100,0,9000,0,21,0,13,9,3,0,9000000,0,0,13,9, 0),
('CHANNEL_NUMBER','',0,207,0,-1,100,0,9000,0,21,0,13,8,3,0,9000000,0,0,13,8, 0),
('CHANNEL_NUMBER','',0,207,0,-1,100,0,9000,0,21,2,14,13,3,0,9000000,0,2,14,13, 0),
('CHANNEL_NUMBER','',0,207,0,-1,100,0,9000,0,21,2,14,12,3,0,9000000,0,2,14,12, 0),
('CHANNEL_NUMBER','',0,207,0,-1,100,0,9000,0,21,0,11,10,3,0,9000000,0,0,11,10, 0),
('CHANNEL_NUMBER','',0,207,0,-1,100,0,9000,0,21,2,12,15,3,0,9000000,0,2,12,15, 0),
('CHANNEL_NUMBER','',0,207,0,-1,100,0,9000,0,21,2,12,14,3,0,9000000,0,2,12,14, 0),
('CHANNEL_NUMBER','',0,207,0,-1,100,0,9000,0,21,0,15,7,3,0,9000000,0,0,15,7, 0),
('CHANNEL_NUMBER','',0,207,0,-1,100,0,9000,0,21,0,9,12,3,0,9000000,0,0,9,12, 0),
('CHANNEL_NUMBER','',0,207,0,-1,100,0,9000,0,21,0,7,14,3,0,9000000,0,0,7,14, 0),
('CHANNEL_NUMBER','',0,207,0,-1,100,0,9000,0,21,0,7,13,3,0,9000000,0,0,7,13, 0);
