INSERT INTO `monsters` (`id`, `ping`, `clean`, `pokemon_id`, `distance`, `min_iv`, `max_iv`, `min_cp`, `max_cp`, `min_level`, `max_level`, `atk`, `def`, `sta`, `template`, `min_weight`, `max_weight`, `form`, `max_atk`, `max_def`, `max_sta`, `gender`) VALUES
('CHANNEL_NUMBER','',0,88,0,-1,100,0,9000,0,20,0,15,15,3,0,9000000,0,0,15,15, 0),
('CHANNEL_NUMBER','',0,88,0,-1,100,0,9000,0,20,0,15,14,3,0,9000000,0,0,15,14, 0),
('CHANNEL_NUMBER','',0,88,0,-1,100,0,9000,0,20,1,14,15,3,0,9000000,0,1,14,15, 0),
('CHANNEL_NUMBER','',0,88,0,-1,100,0,9000,0,20,1,14,14,3,0,9000000,0,1,14,14, 0),
('CHANNEL_NUMBER','',0,88,0,-1,100,0,9000,0,20,1,15,13,3,0,9000000,0,1,15,13, 0),
('CHANNEL_NUMBER','',0,88,0,-1,100,0,9000,0,20,1,15,12,3,0,9000000,0,1,15,12, 0),
('CHANNEL_NUMBER','',0,88,0,-1,100,0,9000,0,20,2,14,12,3,0,9000000,0,2,14,12, 0),
('CHANNEL_NUMBER','',0,88,0,-1,100,0,9000,0,20,0,10,11,3,0,9000000,0,0,10,11, 0),
('CHANNEL_NUMBER','',0,88,0,-1,100,0,9000,0,20,2,15,11,3,0,9000000,0,2,15,11, 0),
('CHANNEL_NUMBER','',0,88,0,-1,100,0,9000,0,20,0,15,4,3,0,9000000,0,0,15,4, 0),
('CHANNEL_NUMBER','',0,88,0,-1,100,0,9000,0,20,0,11,9,3,0,9000000,0,0,11,9, 0),
('CHANNEL_NUMBER','',0,88,0,-1,100,0,9000,0,20,0,14,15,3,0,9000000,0,0,14,15, 0),
('CHANNEL_NUMBER','',0,88,0,-1,100,0,9000,0,20,0,14,14,3,0,9000000,0,0,14,14, 0),
('CHANNEL_NUMBER','',0,88,0,-1,100,0,9000,0,20,5,15,15,3,0,9000000,0,5,15,15, 0),
('CHANNEL_NUMBER','',0,88,0,-1,100,0,9000,0,20,1,13,15,3,0,9000000,0,1,13,15, 0),
('CHANNEL_NUMBER','',0,88,0,-1,100,0,9000,0,20,1,13,14,3,0,9000000,0,1,13,14, 0),
('CHANNEL_NUMBER','',0,88,0,-1,100,0,9000,0,20,0,12,8,3,0,9000000,0,0,12,8, 0),
('CHANNEL_NUMBER','',0,88,0,-1,100,0,9000,0,20,2,12,15,3,0,9000000,0,2,12,15, 0),
('CHANNEL_NUMBER','',0,88,0,-1,100,0,9000,0,20,2,12,14,3,0,9000000,0,2,12,14, 0),
('CHANNEL_NUMBER','',0,88,0,-1,100,0,9000,0,20,0,7,15,3,0,9000000,0,0,7,15, 0),
('CHANNEL_NUMBER','',0,88,0,-1,100,0,9000,0,20,0,7,14,3,0,9000000,0,0,7,14, 0),
('CHANNEL_NUMBER','',0,88,0,-1,100,0,9000,0,20,1,6,14,3,0,9000000,0,1,6,14, 0),
('CHANNEL_NUMBER','',0,88,0,-1,100,0,9000,0,20,0,15,13,3,0,9000000,0,0,15,13, 0),
('CHANNEL_NUMBER','',0,88,0,-1,100,0,9000,0,20,0,15,12,3,0,9000000,0,0,15,12, 0),
('CHANNEL_NUMBER','',0,88,0,-1,100,0,9000,0,20,1,14,13,3,0,9000000,0,1,14,13, 0);
