INSERT INTO `monsters` (`id`, `pokemon_id`, `distance`, `min_iv`, `max_iv`, `min_cp`, `max_cp`, `min_level`, `max_level`, `atk`, `def`, `sta`, `template`, `min_weight`, `max_weight`, `form`, `max_atk`, `max_def`, `max_sta`, `gender`) VALUES
('CHANNEL_NUMBER',39,0,-1,100,0,9000,0,30,0,15,12,3,0,9000000,0,0,15,12, 0),
('CHANNEL_NUMBER',39,0,-1,100,0,9000,0,30,0,14,15,3,0,9000000,0,0,14,15, 0),
('CHANNEL_NUMBER',39,0,-1,100,0,9000,0,30,0,14,14,3,0,9000000,0,0,14,14, 0),
('CHANNEL_NUMBER',39,0,-1,100,0,9000,0,30,0,14,10,3,0,9000000,0,0,14,10, 0),
('CHANNEL_NUMBER',39,0,-1,100,0,9000,0,30,0,13,13,3,0,9000000,0,0,13,13, 0),
('CHANNEL_NUMBER',39,0,-1,100,0,9000,0,30,1,13,14,3,0,9000000,0,1,13,14, 0),
('CHANNEL_NUMBER',39,0,-1,100,0,9000,0,29,2,15,15,3,0,9000000,0,2,15,15, 0),
('CHANNEL_NUMBER',39,0,-1,100,0,9000,0,29,2,15,14,3,0,9000000,0,2,15,14, 0),
('CHANNEL_NUMBER',39,0,-1,100,0,9000,0,30,0,15,11,3,0,9000000,0,0,15,11, 0),
('CHANNEL_NUMBER',39,0,-1,100,0,9000,0,30,0,15,10,3,0,9000000,0,0,15,10, 0),
('CHANNEL_NUMBER',39,0,-1,100,0,9000,0,30,0,14,13,3,0,9000000,0,0,14,13, 0),
('CHANNEL_NUMBER',39,0,-1,100,0,9000,0,30,0,15,7,3,0,9000000,0,0,15,7, 0),
('CHANNEL_NUMBER',39,0,-1,100,0,9000,0,30,0,15,6,3,0,9000000,0,0,15,6, 0),
('CHANNEL_NUMBER',39,0,-1,100,0,9000,0,30,0,14,9,3,0,9000000,0,0,14,9, 0),
('CHANNEL_NUMBER',39,0,-1,100,0,9000,0,30,0,15,2,3,0,9000000,0,0,15,2, 0),
('CHANNEL_NUMBER',39,0,-1,100,0,9000,0,30,0,13,12,3,0,9000000,0,0,13,12, 0),
('CHANNEL_NUMBER',39,0,-1,100,0,9000,0,30,0,14,5,3,0,9000000,0,0,14,5, 0),
('CHANNEL_NUMBER',39,0,-1,100,0,9000,0,29,3,15,11,3,0,9000000,0,3,15,11, 0),
('CHANNEL_NUMBER',39,0,-1,100,0,9000,0,30,1,15,8,3,0,9000000,0,1,15,8, 0),
('CHANNEL_NUMBER',39,0,-1,100,0,9000,0,30,0,13,8,3,0,9000000,0,0,13,8, 0),
('CHANNEL_NUMBER',39,0,-1,100,0,9000,0,29,3,14,14,3,0,9000000,0,3,14,14, 0),
('CHANNEL_NUMBER',39,0,-1,100,0,9000,0,30,0,12,15,3,0,9000000,0,0,12,15, 0),
('CHANNEL_NUMBER',39,0,-1,100,0,9000,0,30,0,12,14,3,0,9000000,0,0,12,14, 0),
('CHANNEL_NUMBER',39,0,-1,100,0,9000,0,30,1,14,11,3,0,9000000,0,1,14,11, 0),
('CHANNEL_NUMBER',39,0,-1,100,0,9000,0,30,1,14,10,3,0,9000000,0,1,14,10, 0);
