INSERT INTO `monsters` (`id`, `ping`, `clean`, `pokemon_id`, `distance`, `min_iv`, `max_iv`, `min_cp`, `max_cp`, `min_level`, `max_level`, `atk`, `def`, `sta`, `template`, `min_weight`, `max_weight`, `form`, `max_atk`, `max_def`, `max_sta`, `gender`) VALUES
('CHANNEL_NUMBER','',0,296,0,-1,100,0,9000,0,20,0,14,14,3,0,9000000,0,0,14,14, 0),
('CHANNEL_NUMBER','',0,296,0,-1,100,0,9000,0,20,0,14,13,3,0,9000000,0,0,14,13, 0),
('CHANNEL_NUMBER','',0,296,0,-1,100,0,9000,0,20,0,13,15,3,0,9000000,0,0,13,15, 0),
('CHANNEL_NUMBER','',0,296,0,-1,100,0,9000,0,20,0,15,11,3,0,9000000,0,0,15,11, 0),
('CHANNEL_NUMBER','',0,296,0,-1,100,0,9000,0,20,0,15,10,3,0,9000000,0,0,15,10, 0),
('CHANNEL_NUMBER','',0,296,0,-1,100,0,9000,0,20,1,13,13,3,0,9000000,0,1,13,13, 0),
('CHANNEL_NUMBER','',0,296,0,-1,100,0,9000,0,20,1,15,8,3,0,9000000,0,1,15,8, 0),
('CHANNEL_NUMBER','',0,296,0,-1,100,0,9000,0,20,0,14,12,3,0,9000000,0,0,14,12, 0),
('CHANNEL_NUMBER','',0,296,0,-1,100,0,9000,0,20,1,12,15,3,0,9000000,0,1,12,15, 0),
('CHANNEL_NUMBER','',0,296,0,-1,100,0,9000,0,20,1,14,11,3,0,9000000,0,1,14,11, 0),
('CHANNEL_NUMBER','',0,296,0,-1,100,0,9000,0,20,1,14,10,3,0,9000000,0,1,14,10, 0),
('CHANNEL_NUMBER','',0,296,0,-1,100,0,9000,0,20,2,12,13,3,0,9000000,0,2,12,13, 0),
('CHANNEL_NUMBER','',0,296,0,-1,100,0,9000,0,20,2,14,8,3,0,9000000,0,2,14,8, 0),
('CHANNEL_NUMBER','',0,296,0,-1,100,0,9000,0,20,0,13,14,3,0,9000000,0,0,13,14, 0),
('CHANNEL_NUMBER','',0,296,0,-1,100,0,9000,0,20,0,13,13,3,0,9000000,0,0,13,13, 0),
('CHANNEL_NUMBER','',0,296,0,-1,100,0,9000,0,20,0,15,9,3,0,9000000,0,0,15,9, 0),
('CHANNEL_NUMBER','',0,296,0,-1,100,0,9000,0,20,0,15,8,3,0,9000000,0,0,15,8, 0),
('CHANNEL_NUMBER','',0,296,0,-1,100,0,9000,0,20,1,13,12,3,0,9000000,0,1,13,12, 0),
('CHANNEL_NUMBER','',0,296,0,-1,100,0,9000,0,20,2,11,15,3,0,9000000,0,2,11,15, 0),
('CHANNEL_NUMBER','',0,296,0,-1,100,0,9000,0,20,1,15,7,3,0,9000000,0,1,15,7, 0),
('CHANNEL_NUMBER','',0,296,0,-1,100,0,9000,0,20,2,13,10,3,0,9000000,0,2,13,10, 0),
('CHANNEL_NUMBER','',0,296,0,-1,100,0,9000,0,20,4,15,15,3,0,9000000,0,4,15,15, 0),
('CHANNEL_NUMBER','',0,296,0,-1,100,0,9000,0,20,4,15,14,3,0,9000000,0,4,15,14, 0),
('CHANNEL_NUMBER','',0,296,0,-1,100,0,9000,0,20,2,15,5,3,0,9000000,0,2,15,5, 0),
('CHANNEL_NUMBER','',0,296,0,-1,100,0,9000,0,20,0,11,6,3,0,9000000,0,0,11,6, 0);
