INSERT INTO `monsters` (`id`, `ping`, `clean`,`pokemon_id`, `distance`, `min_iv`, `max_iv`, `min_cp`, `max_cp`, `min_level`, `max_level`, `atk`, `def`, `sta`, `template`, `min_weight`, `max_weight`, `form`, `max_atk`, `max_def`, `max_sta`, `gender`) VALUES
('CHANNEL_NUMBER','',0,95,0,-1,100,0,9000,0,24,0,14,15,3,0,9000000,0,0,14,15, 0),
('CHANNEL_NUMBER','',0,95,0,-1,100,0,9000,0,24,0,13,15,3,0,9000000,0,0,13,15, 0),
('CHANNEL_NUMBER','',0,95,0,-1,100,0,9000,0,24,0,15,14,3,0,9000000,0,0,15,14, 0),
('CHANNEL_NUMBER','',0,95,0,-1,100,0,9000,0,24,0,12,15,3,0,9000000,0,0,12,15, 0),
('CHANNEL_NUMBER','',0,95,0,-1,100,0,9000,0,24,1,10,15,3,0,9000000,0,1,10,15, 0),
('CHANNEL_NUMBER','',0,95,0,-1,100,0,9000,0,24,0,14,14,3,0,9000000,0,0,14,14, 0),
('CHANNEL_NUMBER','',0,95,0,-1,100,0,9000,0,24,1,14,12,3,0,9000000,0,1,14,12, 0),
('CHANNEL_NUMBER','',0,95,0,-1,100,0,9000,0,24,0,11,15,3,0,9000000,0,0,11,15, 0),
('CHANNEL_NUMBER','',0,95,0,-1,100,0,9000,0,24,1,9,15,3,0,9000000,0,1,9,15, 0),
('CHANNEL_NUMBER','',0,95,0,-1,100,0,9000,0,24,0,14,7,3,0,9000000,0,0,14,7, 0),
('CHANNEL_NUMBER','',0,95,0,-1,100,0,9000,0,24,0,13,14,3,0,9000000,0,0,13,14, 0),
('CHANNEL_NUMBER','',0,95,0,-1,100,0,9000,0,24,0,5,13,3,0,9000000,0,0,5,13, 0),
('CHANNEL_NUMBER','',0,95,0,-1,100,0,9000,0,24,1,11,14,3,0,9000000,0,1,11,14, 0),
('CHANNEL_NUMBER','',0,95,0,-1,100,0,9000,0,24,0,15,13,3,0,9000000,0,0,15,13, 0),
('CHANNEL_NUMBER','',0,95,0,-1,100,0,9000,0,24,0,15,12,3,0,9000000,0,0,15,12, 0),
('CHANNEL_NUMBER','',0,95,0,-1,100,0,9000,0,24,1,13,13,3,0,9000000,0,1,13,13, 0),
('CHANNEL_NUMBER','',0,95,0,-1,100,0,9000,0,24,1,13,12,3,0,9000000,0,1,13,12, 0),
('CHANNEL_NUMBER','',0,95,0,-1,100,0,9000,0,24,0,9,10,3,0,9000000,0,0,9,10, 0),
('CHANNEL_NUMBER','',0,95,0,-1,100,0,9000,0,24,3,15,14,3,0,9000000,0,3,15,14, 0),
('CHANNEL_NUMBER','',0,95,0,-1,100,0,9000,0,24,1,15,11,3,0,9000000,0,1,15,11, 0),
('CHANNEL_NUMBER','',0,95,0,-1,100,0,9000,0,24,0,11,9,3,0,9000000,0,0,11,9, 0),
('CHANNEL_NUMBER','',0,95,0,-1,100,0,9000,0,24,0,10,15,3,0,9000000,0,0,10,15, 0),
('CHANNEL_NUMBER','',0,95,0,-1,100,0,9000,0,24,0,2,15,3,0,9000000,0,0,2,15, 0),
('CHANNEL_NUMBER','',0,95,0,-1,100,0,9000,0,24,1,8,15,3,0,9000000,0,1,8,15, 0),
('CHANNEL_NUMBER','',0,95,0,-1,100,0,9000,0,24,0,13,7,3,0,9000000,0,0,13,7, 0);
