INSERT INTO `monsters` (`id`, `ping`, `clean`, `pokemon_id`, `distance`, `min_iv`, `max_iv`, `min_cp`, `max_cp`, `min_level`, `max_level`, `atk`, `def`, `sta`, `template`, `min_weight`, `max_weight`, `form`, `max_atk`, `max_def`, `max_sta`, `gender`) VALUES
('CHANNEL_NUMBER','',0,393,0,-1,100,0,9000,25,35,0,15,14,3,0,9000000,0,0,15,14, 0),
('CHANNEL_NUMBER','',0,393,0,-1,100,0,9000,25,35,0,15,12,3,0,9000000,0,0,15,12, 0),
('CHANNEL_NUMBER','',0,393,0,-1,100,0,9000,25,35,0,11,14,3,0,9000000,0,0,11,14, 0),
('CHANNEL_NUMBER','',0,393,0,-1,100,0,9000,25,35,0,12,15,3,0,9000000,0,0,12,15, 0),
('CHANNEL_NUMBER','',0,393,0,-1,100,0,9000,25,35,0,13,14,3,0,9000000,0,0,13,14, 0),
('CHANNEL_NUMBER','',0,393,0,-1,100,0,9000,25,35,1,13,14,3,0,9000000,0,1,13,14, 0),
('CHANNEL_NUMBER','',0,393,0,-1,100,0,9000,25,35,1,13,12,3,0,9000000,0,1,13,12, 0),
('CHANNEL_NUMBER','',0,393,0,-1,100,0,9000,25,35,0,14,15,3,0,9000000,0,0,14,15, 0),
('CHANNEL_NUMBER','',0,393,0,-1,100,0,9000,25,35,0,14,14,3,0,9000000,0,0,14,14, 0),
('CHANNEL_NUMBER','',0,393,0,-1,100,0,9000,25,35,0,14,13,3,0,9000000,0,0,14,13, 0),
('CHANNEL_NUMBER','',0,393,0,-1,100,0,9000,25,35,0,14,12,3,0,9000000,0,0,14,12, 0),
('CHANNEL_NUMBER','',0,393,0,-1,100,0,9000,25,35,1,14,13,3,0,9000000,0,1,14,13, 0),
('CHANNEL_NUMBER','',0,393,0,-1,100,0,9000,25,35,1,14,15,3,0,9000000,0,1,14,15, 0),
('CHANNEL_NUMBER','',0,393,0,-1,100,0,9000,25,35,0,15,13,3,0,9000000,0,0,15,13, 0),
('CHANNEL_NUMBER','',0,393,0,-1,100,0,9000,25,35,0,15,15,3,0,9000000,0,0,15,15, 0),
('CHANNEL_NUMBER','',0,393,0,-1,100,0,9000,25,35,0,15,11,3,0,9000000,0,0,15,11, 0),
('CHANNEL_NUMBER','',0,393,0,-1,100,0,9000,25,35,0,15,9,3,0,9000000,0,0,15,9, 0),
('CHANNEL_NUMBER','',0,393,0,-1,100,0,9000,25,35,0,15,7,3,0,9000000,0,0,15,7, 0),
('CHANNEL_NUMBER','',0,393,0,-1,100,0,9000,25,35,1,15,14,3,0,9000000,0,1,15,14, 0),
('CHANNEL_NUMBER','',0,393,0,-1,100,0,9000,25,35,1,15,12,3,0,9000000,0,1,15,12, 0),
('CHANNEL_NUMBER','',0,393,0,-1,100,0,9000,25,35,2,15,12,3,0,9000000,0,2,15,12, 0),
('CHANNEL_NUMBER','',0,393,0,-1,100,0,9000,25,35,3,14,14,3,0,9000000,0,3,14,14, 0),
('CHANNEL_NUMBER','',0,393,0,-1,100,0,9000,25,35,2,15,15,3,0,9000000,0,2,15,15, 0),
('CHANNEL_NUMBER','',0,393,0,-1,100,0,9000,25,35,2,15,14,3,0,9000000,0,2,15,14, 0),
('CHANNEL_NUMBER','',0,393,0,-1,100,0,9000,25,35,3,15,15,3,0,9000000,0,3,15,15, 0);
