INSERT INTO `monsters` (`id`, `pokemon_id`, `distance`, `min_iv`, `max_iv`, `min_cp`, `max_cp`, `min_level`, `max_level`, `atk`, `def`, `sta`, `template`, `min_weight`, `max_weight`, `form`, `max_atk`, `max_def`, `max_sta`, `gender`) VALUES
('CHANNEL_NUMBER',111,0,-1,100,0,9000,0,17,2,15,14,1,0,9000000,0,2,15,14, 0),
('CHANNEL_NUMBER',111,0,-1,100,0,9000,0,17,0,12,9,1,0,9000000,0,0,12,9, 0),
('CHANNEL_NUMBER',111,0,-1,100,0,9000,0,17,1,15,15,1,0,9000000,0,1,15,15, 0),
('CHANNEL_NUMBER',111,0,-1,100,0,9000,0,17,1,15,14,1,0,9000000,0,1,15,14, 0),
('CHANNEL_NUMBER',111,0,-1,100,0,9000,0,17,2,14,15,1,0,9000000,0,2,14,15, 0),
('CHANNEL_NUMBER',111,0,-1,100,0,9000,0,17,2,14,14,1,0,9000000,0,2,14,14, 0),
('CHANNEL_NUMBER',111,0,-1,100,0,9000,0,17,0,13,7,1,0,9000000,0,0,13,7, 0),
('CHANNEL_NUMBER',111,0,-1,100,0,9000,0,17,3,13,15,1,0,9000000,0,3,13,15, 0),
('CHANNEL_NUMBER',111,0,-1,100,0,9000,0,17,3,13,14,1,0,9000000,0,3,13,14, 0),
('CHANNEL_NUMBER',111,0,-1,100,0,9000,0,17,0,9,13,1,0,9000000,0,0,9,13, 0),
('CHANNEL_NUMBER',111,0,-1,100,0,9000,0,17,2,15,13,1,0,9000000,0,2,15,13, 0),
('CHANNEL_NUMBER',111,0,-1,100,0,9000,0,17,4,12,14,1,0,9000000,0,4,12,14, 0),
('CHANNEL_NUMBER',111,0,-1,100,0,9000,0,17,0,10,11,1,0,9000000,0,0,10,11, 0),
('CHANNEL_NUMBER',111,0,-1,100,0,9000,0,17,0,14,6,1,0,9000000,0,0,14,6, 0),
('CHANNEL_NUMBER',111,0,-1,100,0,9000,0,17,3,14,13,1,0,9000000,0,3,14,13, 0),
('CHANNEL_NUMBER',111,0,-1,100,0,9000,0,17,0,15,15,1,0,9000000,0,0,15,15, 0),
('CHANNEL_NUMBER',111,0,-1,100,0,9000,0,17,0,15,14,1,0,9000000,0,0,15,14, 0),
('CHANNEL_NUMBER',111,0,-1,100,0,9000,0,17,0,11,10,1,0,9000000,0,0,11,10, 0),
('CHANNEL_NUMBER',111,0,-1,100,0,9000,0,17,0,11,9,1,0,9000000,0,0,11,9, 0),
('CHANNEL_NUMBER',111,0,-1,100,0,9000,0,17,1,14,15,1,0,9000000,0,1,14,15, 0),
('CHANNEL_NUMBER',111,0,-1,100,0,9000,0,17,1,14,14,1,0,9000000,0,1,14,14, 0),
('CHANNEL_NUMBER',111,0,-1,100,0,9000,0,17,3,15,12,1,0,9000000,0,3,15,12, 0),
('CHANNEL_NUMBER',111,0,-1,100,0,9000,0,17,3,15,11,1,0,9000000,0,3,15,11, 0),
('CHANNEL_NUMBER',111,0,-1,100,0,9000,0,17,0,15,5,1,0,9000000,0,0,15,5, 0),
('CHANNEL_NUMBER',111,0,-1,100,0,9000,0,17,0,15,4,1,0,9000000,0,0,15,4, 0),
('CHANNEL_NUMBER',111,0,-1,100,0,9000,0,15,0,14,14,1,0,9000000,0,0,14,14, 0),
('CHANNEL_NUMBER',111,0,-1,100,0,9000,0,15,0,15,13,1,0,9000000,0,0,15,13, 0),
('CHANNEL_NUMBER',111,0,-1,100,0,9000,0,15,0,15,12,1,0,9000000,0,0,15,12, 0),
('CHANNEL_NUMBER',111,0,-1,100,0,9000,0,15,1,14,12,1,0,9000000,0,1,14,12, 0),
('CHANNEL_NUMBER',111,0,-1,100,0,9000,0,15,0,13,15,1,0,9000000,0,0,13,15, 0),
('CHANNEL_NUMBER',111,0,-1,100,0,9000,0,15,0,13,14,1,0,9000000,0,0,13,14, 0),
('CHANNEL_NUMBER',111,0,-1,100,0,9000,0,15,1,15,10,1,0,9000000,0,1,15,10, 0),
('CHANNEL_NUMBER',111,0,-1,100,0,9000,0,15,1,12,14,1,0,9000000,0,1,12,14, 0),
('CHANNEL_NUMBER',111,0,-1,100,0,9000,0,15,0,14,13,1,0,9000000,0,0,14,13, 0),
('CHANNEL_NUMBER',111,0,-1,100,0,9000,0,15,0,14,12,1,0,9000000,0,0,14,12, 0),
('CHANNEL_NUMBER',111,0,-1,100,0,9000,0,15,1,13,13,1,0,9000000,0,1,13,13, 0),
('CHANNEL_NUMBER',111,0,-1,100,0,9000,0,15,1,13,12,1,0,9000000,0,1,13,12, 0),
('CHANNEL_NUMBER',111,0,-1,100,0,9000,0,15,2,12,12,1,0,9000000,0,2,12,12, 0),
('CHANNEL_NUMBER',111,0,-1,100,0,9000,0,15,2,15,8,1,0,9000000,0,2,15,8, 0),
('CHANNEL_NUMBER',111,0,-1,100,0,9000,0,15,0,15,11,1,0,9000000,0,0,15,11, 0),
('CHANNEL_NUMBER',111,0,-1,100,0,9000,0,15,0,15,10,1,0,9000000,0,0,15,10, 0),
('CHANNEL_NUMBER',111,0,-1,100,0,9000,0,15,0,12,15,1,0,9000000,0,0,12,15, 0),
('CHANNEL_NUMBER',111,0,-1,100,0,9000,0,15,0,12,14,1,0,9000000,0,0,12,14, 0),
('CHANNEL_NUMBER',111,0,-1,100,0,9000,0,15,1,14,11,1,0,9000000,0,1,14,11, 0),
('CHANNEL_NUMBER',111,0,-1,100,0,9000,0,15,1,14,10,1,0,9000000,0,1,14,10, 0),
('CHANNEL_NUMBER',111,0,-1,100,0,9000,0,15,1,11,15,1,0,9000000,0,1,11,15, 0),
('CHANNEL_NUMBER',111,0,-1,100,0,9000,0,15,1,11,14,1,0,9000000,0,1,11,14, 0),
('CHANNEL_NUMBER',111,0,-1,100,0,9000,0,15,2,13,11,1,0,9000000,0,2,13,11, 0),
('CHANNEL_NUMBER',111,0,-1,100,0,9000,0,15,2,13,10,1,0,9000000,0,2,13,10, 0),
('CHANNEL_NUMBER',111,0,-1,100,0,9000,0,15,2,10,15,1,0,9000000,0,2,10,15, 0);
