INSERT INTO `monsters` (`id`, `pokemon_id`, `distance`, `min_iv`, `max_iv`, `min_cp`, `max_cp`, `min_level`, `max_level`, `atk`, `def`, `sta`, `template`, `min_weight`, `max_weight`, `form`, `max_atk`, `max_def`, `max_sta`, `gender`) VALUES
('CHANNEL_NUMBER',273,0,-1,100,0,9000,0,24,0,14,11,3,0,9000000,0,0,14,11, 0),
('CHANNEL_NUMBER',273,0,-1,100,0,9000,0,24,0,12,14,3,0,9000000,0,0,12,14, 0),
('CHANNEL_NUMBER',273,0,-1,100,0,9000,0,24,1,15,15,3,0,9000000,0,1,15,15, 0),
('CHANNEL_NUMBER',273,0,-1,100,0,9000,0,24,2,15,14,3,0,9000000,0,2,15,14, 0),
('CHANNEL_NUMBER',273,0,-1,100,0,9000,0,24,1,11,14,3,0,9000000,0,1,11,14, 0),
('CHANNEL_NUMBER',273,0,-1,100,0,9000,0,24,2,14,15,3,0,9000000,0,2,14,15, 0),
('CHANNEL_NUMBER',273,0,-1,100,0,9000,0,24,3,15,12,3,0,9000000,0,3,15,12, 0),
('CHANNEL_NUMBER',273,0,-1,100,0,9000,0,24,3,13,15,3,0,9000000,0,3,13,15, 0),
('CHANNEL_NUMBER',273,0,-1,100,0,9000,0,24,0,15,15,3,0,9000000,0,0,15,15, 0),
('CHANNEL_NUMBER',273,0,-1,100,0,9000,0,24,0,15,9,3,0,9000000,0,0,15,9, 0),
('CHANNEL_NUMBER',273,0,-1,100,0,9000,0,24,0,15,8,3,0,9000000,0,0,15,8, 0),
('CHANNEL_NUMBER',273,0,-1,100,0,9000,0,24,0,14,10,3,0,9000000,0,0,14,10, 0),
('CHANNEL_NUMBER',273,0,-1,100,0,9000,0,24,4,15,10,3,0,9000000,0,4,15,10, 0),
('CHANNEL_NUMBER',273,0,-1,100,0,9000,0,24,0,13,12,3,0,9000000,0,0,13,12, 0),
('CHANNEL_NUMBER',273,0,-1,100,0,9000,0,24,0,13,11,3,0,9000000,0,0,13,11, 0),
('CHANNEL_NUMBER',273,0,-1,100,0,9000,0,24,0,12,13,3,0,9000000,0,0,12,13, 0),
('CHANNEL_NUMBER',273,0,-1,100,0,9000,0,24,1,15,14,3,0,9000000,0,1,15,14, 0),
('CHANNEL_NUMBER',273,0,-1,100,0,9000,0,24,0,11,15,3,0,9000000,0,0,11,15, 0),
('CHANNEL_NUMBER',273,0,-1,100,0,9000,0,24,0,11,14,3,0,9000000,0,0,11,14, 0),
('CHANNEL_NUMBER',273,0,-1,100,0,9000,0,24,1,15,7,3,0,9000000,0,1,15,7, 0),
('CHANNEL_NUMBER',273,0,-1,100,0,9000,0,24,1,14,15,3,0,9000000,0,1,14,15, 0),
('CHANNEL_NUMBER',273,0,-1,100,0,9000,0,24,1,14,9,3,0,9000000,0,1,14,9, 0),
('CHANNEL_NUMBER',273,0,-1,100,0,9000,0,24,1,14,8,3,0,9000000,0,1,14,8, 0),
('CHANNEL_NUMBER',273,0,-1,100,0,9000,0,24,1,13,10,3,0,9000000,0,1,13,10, 0),
('CHANNEL_NUMBER',273,0,-1,100,0,9000,0,24,0,10,9,3,0,9000000,0,0,10,9, 0);
