INSERT INTO `monsters` (`id`, `pokemon_id`, `distance`, `min_iv`, `max_iv`, `min_cp`, `max_cp`, `min_level`, `max_level`, `atk`, `def`, `sta`, `template`, `min_weight`, `max_weight`, `form`, `max_atk`, `max_def`, `max_sta`, `gender`) VALUES
('CHANNEL_NUMBER',451,0,-1,100,0,9000,0,23,2,15,14,3,0,9000000,0,2,15,14, 0),
('CHANNEL_NUMBER',451,0,-1,100,0,9000,0,23,0,9,15,3,0,9000000,0,0,9,15, 0),
('CHANNEL_NUMBER',451,0,-1,100,0,9000,0,23,0,14,11,3,0,9000000,0,0,14,11, 0),
('CHANNEL_NUMBER',451,0,-1,100,0,9000,0,23,0,12,12,3,0,9000000,0,0,12,12, 0),
('CHANNEL_NUMBER',451,0,-1,100,0,9000,0,23,0,10,14,3,0,9000000,0,0,10,14, 0),
('CHANNEL_NUMBER',451,0,-1,100,0,9000,0,23,2,14,14,3,0,9000000,0,2,14,14, 0),
('CHANNEL_NUMBER',451,0,-1,100,0,9000,0,23,1,7,15,3,0,9000000,0,1,7,15, 0),
('CHANNEL_NUMBER',451,0,-1,100,0,9000,0,23,1,15,15,3,0,9000000,0,1,15,15, 0),
('CHANNEL_NUMBER',451,0,-1,100,0,9000,0,23,1,15,14,3,0,9000000,0,1,15,14, 0),
('CHANNEL_NUMBER',451,0,-1,100,0,9000,0,23,1,14,9,3,0,9000000,0,1,14,9, 0),
('CHANNEL_NUMBER',451,0,-1,100,0,9000,0,23,0,8,15,3,0,9000000,0,0,8,15, 0),
('CHANNEL_NUMBER',451,0,-1,100,0,9000,0,23,0,15,10,3,0,9000000,0,0,15,10, 0),
('CHANNEL_NUMBER',451,0,-1,100,0,9000,0,23,0,15,9,3,0,9000000,0,0,15,9, 0),
('CHANNEL_NUMBER',451,0,-1,100,0,9000,0,23,0,13,11,3,0,9000000,0,0,13,11, 0),
('CHANNEL_NUMBER',451,0,-1,100,0,9000,0,23,1,10,12,3,0,9000000,0,1,10,12, 0),
('CHANNEL_NUMBER',451,0,-1,100,0,9000,0,23,0,11,13,3,0,9000000,0,0,11,13, 0),
('CHANNEL_NUMBER',451,0,-1,100,0,9000,0,23,0,11,12,3,0,9000000,0,0,11,12, 0),
('CHANNEL_NUMBER',451,0,-1,100,0,9000,0,23,1,8,14,3,0,9000000,0,1,8,14, 0),
('CHANNEL_NUMBER',451,0,-1,100,0,9000,0,23,2,15,13,3,0,9000000,0,2,15,13, 0),
('CHANNEL_NUMBER',451,0,-1,100,0,9000,0,23,3,12,14,3,0,9000000,0,3,12,14, 0),
('CHANNEL_NUMBER',451,0,-1,100,0,9000,0,23,0,9,14,3,0,9000000,0,0,9,14, 0),
('CHANNEL_NUMBER',451,0,-1,100,0,9000,0,23,2,13,15,3,0,9000000,0,2,13,15, 0),
('CHANNEL_NUMBER',451,0,-1,100,0,9000,0,23,2,13,14,3,0,9000000,0,2,13,14, 0),
('CHANNEL_NUMBER',451,0,-1,100,0,9000,0,23,1,15,8,3,0,9000000,0,1,15,8, 0),
('CHANNEL_NUMBER',451,0,-1,100,0,9000,0,23,1,6,15,3,0,9000000,0,1,6,15, 0);
