INSERT INTO `monsters` (`id`, `ping`, `clean`, `pokemon_id`, `distance`, `min_iv`, `max_iv`, `min_cp`, `max_cp`, `min_level`, `max_level`, `atk`, `def`, `sta`, `template`, `min_weight`, `max_weight`, `form`, `max_atk`, `max_def`, `max_sta`, `gender`) VALUES
('CHANNEL_NUMBER','',0,37,0,-1,100,0,9000,0,25,0,15,15,3,0,9000000,0,0,15,15, 0),
('CHANNEL_NUMBER','',0,37,0,-1,100,0,9000,0,25,1,15,14,3,0,9000000,0,1,15,14, 0),
('CHANNEL_NUMBER','',0,37,0,-1,100,0,9000,0,25,1,13,15,3,0,9000000,0,1,13,15, 0),
('CHANNEL_NUMBER','',0,37,0,-1,100,0,9000,0,25,0,10,13,3,0,9000000,0,0,10,13, 0),
('CHANNEL_NUMBER','',0,37,0,-1,100,0,9000,0,25,0,14,15,3,0,9000000,0,0,14,15, 0),
('CHANNEL_NUMBER','',0,37,0,-1,100,0,9000,0,25,0,13,10,3,0,9000000,0,0,13,10, 0),
('CHANNEL_NUMBER','',0,37,0,-1,100,0,9000,0,25,1,14,14,3,0,9000000,0,1,14,14, 0),
('CHANNEL_NUMBER','',0,37,0,-1,100,0,9000,0,25,0,8,15,3,0,9000000,0,0,8,15, 0),
('CHANNEL_NUMBER','',0,37,0,-1,100,0,9000,0,25,0,11,12,3,0,9000000,0,0,11,12, 0),
('CHANNEL_NUMBER','',0,37,0,-1,100,0,9000,0,25,0,15,14,3,0,9000000,0,0,15,14, 0),
('CHANNEL_NUMBER','',0,37,0,-1,100,0,9000,0,25,2,11,15,3,0,9000000,0,2,11,15, 0),
('CHANNEL_NUMBER','',0,37,0,-1,100,0,9000,0,25,0,14,9,3,0,9000000,0,0,14,9, 0),
('CHANNEL_NUMBER','',0,37,0,-1,100,0,9000,0,25,1,12,15,3,0,9000000,0,1,12,15, 0),
('CHANNEL_NUMBER','',0,37,0,-1,100,0,9000,0,25,2,14,12,3,0,9000000,0,2,14,12, 0),
('CHANNEL_NUMBER','',0,37,0,-1,100,0,9000,0,25,1,8,13,3,0,9000000,0,1,8,13, 0),
('CHANNEL_NUMBER','',0,37,0,-1,100,0,9000,0,25,1,11,10,3,0,9000000,0,1,11,10, 0),
('CHANNEL_NUMBER','',0,37,0,-1,100,0,9000,0,25,0,13,15,3,0,9000000,0,0,13,15, 0),
('CHANNEL_NUMBER','',0,37,0,-1,100,0,9000,0,25,1,15,13,3,0,9000000,0,1,15,13, 0),
('CHANNEL_NUMBER','',0,37,0,-1,100,0,9000,0,25,1,15,12,3,0,9000000,0,1,15,12, 0),
('CHANNEL_NUMBER','',0,37,0,-1,100,0,9000,0,25,0,9,14,3,0,9000000,0,0,9,14, 0),
('CHANNEL_NUMBER','',0,37,0,-1,100,0,9000,0,25,0,9,13,3,0,9000000,0,0,9,13, 0),
('CHANNEL_NUMBER','',0,37,0,-1,100,0,9000,0,25,0,12,11,3,0,9000000,0,0,12,11, 0),
('CHANNEL_NUMBER','',0,37,0,-1,100,0,9000,0,25,0,12,10,3,0,9000000,0,0,12,10, 0),
('CHANNEL_NUMBER','',0,37,0,-1,100,0,9000,0,25,2,12,14,3,0,9000000,0,2,12,14, 0),
('CHANNEL_NUMBER','',0,37,0,-1,100,0,9000,0,25,1,14,7,3,0,9000000,0,1,14,7, 0);
